1987 1 0.022985
1987 2 0.02329
1987 3 0.02358
1987 4 0.02358
1987 5 0.023695
1987 6 0.024299
1987 7 0.024495
1987 8 0.024495
1987 9 0.024495
1987 10 0.024495
1987 11 0.024851
1987 12 0.024851
1988 1 0.024992
1988 2 0.025088
1988 3 0.02521
1988 4 0.02542
1988 5 0.02542
1988 6 0.025449
1988 7 0.025699
1988 8 0.025995
1988 9 0.026184
1988 10 0.026439
1988 11 0.026712
1988 12 0.026712
1989 1 0.026712
1989 2 0.026712
1989 3 0.026712
1989 4 0.026656
1989 5 0.026853
1989 6 0.026942
1989 7 0.027484
1989 8 0.02758
1989 9 0.02758
1989 10 0.02758
1989 11 0.027644
1989 12 0.027923
1990 1 0.028211
1990 2 0.028211
1990 3 0.028258
1990 4 0.028457
1990 5 0.028457
1990 6 0.028991
1990 7 0.028991
1990 8 0.028991
1990 9 0.029254
1990 10 0.029254
1990 11 0.029849
1990 12 0.029967
1991 1 0.029658
1991 2 0.029926
1991 3 0.030396
1991 4 0.030396
1991 5 0.030484
1991 6 0.03059
1991 7 0.03068
1991 8 0.03083
1991 9 0.03083
1991 10 0.031118
1991 11 0.031118
1991 12 0.030982
1992 1 0.030982
1992 2 0.030982
1992 3 0.030982
1992 4 0.030982
1992 5 0.031007
1992 6 0.031007
1992 7 0.031007
1992 8 0.031007
1992 9 0.031007
1992 10 0.030905
1992 11 0.030905
1992 12 0.030571
1993 1 0.030314
1993 2 0.030314
1993 3 0.030314
1993 4 0.030314
1993 5 0.030704
1993 6 0.030704
1993 7 0.030483
1993 8 0.030438
1993 9 0.030438
1993 10 0.030438
1993 11 0.030438
1993 12 0.030438
1994 1 0.030458
1994 2 0.030458
1994 3 0.030458
1994 4 0.030458
1994 5 0.030458
1994 6 0.03041
1994 7 0.03041
1994 8 0.03041
1994 9 0.03017
1994 10 0.03017
1994 11 0.03017
1994 12 0.03017
1995 1 0.03011
1995 2 0.03131
1995 3 0.03131
1995 4 0.03131
1995 5 0.03131
1995 6 0.030942
1995 7 0.030907
1995 8 0.030907
1995 9 0.030907
1995 10 0.030836
1995 11 0.031255
1995 12 0.031255
1996 1 0.031255
1996 2 0.031305
1996 3 0.031305
1996 4 0.031305
1996 5 0.031305
1996 6 0.031305
1996 7 0.031305
1996 8 0.031388
1996 9 0.031428
1996 10 0.031528
1996 11 0.031528
1996 12 0.031528
1997 1 0.031528
1997 2 0.031528
1997 3 0.031528
1997 4 0.03155
1997 5 0.03155
1997 6 0.031598
1997 7 0.03159
1997 8 0.03159
1997 9 0.03159
1997 10 0.031775
1997 11 0.031803
1997 12 0.031747
1998 1 0.031987
1998 2 0.032132
1998 3 0.03225
1998 4 0.032434
1998 5 0.032621
1998 6 0.032745
1998 7 0.03349
1998 8 0.033687
1998 9 0.033731
1998 10 0.033928
1998 11 0.034041
1998 12 0.034207
1999 1 0.034273
1999 2 0.03457
1999 3 0.0349
1999 4 0.035203
1999 5 0.035779
1999 6 0.036244
1999 7 0.036606
1999 8 0.036844
1999 9 0.036926
1999 10 0.037004
1999 11 0.037398
1999 12 0.03753
2000 1 0.038166
2000 2 0.03832
2000 3 0.038398
2000 4 0.038996
2000 5 0.039605
2000 6 0.04001
2000 7 0.040162
2000 8 0.040177
2000 9 0.040177
2000 10 0.040177
2000 11 0.040177
2000 12 0.040522
2001 1 0.040522
2001 2 0.040522
2001 3 0.040307
2001 4 0.040694
2001 5 0.040694
2001 6 0.040808
2001 7 0.040803
2001 8 0.041013
2001 9 0.041013
2001 10 0.041137
2001 11 0.041137
2001 12 0.041209
2002 1 0.041379
2002 2 0.04115
2002 3 0.041369
2002 4 0.041369
2002 5 0.041387
2002 6 0.041254
2002 7 0.041334
2002 8 0.041603
2002 9 0.041142
2002 10 0.041233
2002 11 0.041233
2002 12 0.041233
2003 1 0.041231
2003 2 0.041281
2003 3 0.041281
2003 4 0.041344
2003 5 0.041344
2003 6 0.041231
2003 7 0.041246
2003 8 0.041246
2003 9 0.041211
2003 10 0.041307
2003 11 0.041386
2003 12 0.041433
2004 1 0.041458
2004 2 0.041434
2004 3 0.041242
2004 4 0.041194
2004 5 0.041146
2004 6 0.04117
2004 7 0.041151
2004 8 0.041174
2004 9 0.041436
2004 10 0.04138
2004 11 0.04138
2004 12 0.04138
2005 1 0.041436
2005 2 0.04108
2005 3 0.04108
2005 4 0.040855
2005 5 0.040855
2005 6 0.040855
2005 7 0.040855
2005 8 0.040831
2005 9 0.041007
2005 10 0.040885
2005 11 0.040858
2005 12 0.040858
2006 1 0.040593
2006 2 0.040593
2006 3 0.040593
2006 4 0.040593
2006 5 0.040593
2006 6 0.040704
2006 7 0.040657
2006 8 0.040758
2006 9 0.040736
2006 10 0.040736
2006 11 0.040636
2006 12 0.040479
2007 1 0.040465
2007 2 0.040465
2007 3 0.040611
2007 4 0.04084
2007 5 0.04084
2007 6 0.040805
2007 7 0.040966
2007 8 0.041076
2007 9 0.041261
2007 10 0.041261
2007 11 0.041261
2007 12 0.041261
2008 1 0.041261
2008 2 0.041261
2008 3 0.041261
2008 4 0.041506
2008 5 0.041506
2008 6 0.04153
2008 7 0.041541
2008 8 0.041736
2008 9 0.041816
2008 10 0.041816
2008 11 0.041908
2008 12 0.042076
2009 1 0.042014
2009 2 0.042014
2009 3 0.042014
2009 4 0.042014
2009 5 0.042119
2009 6 0.042208
2009 7 0.042321
2009 8 0.042284
2009 9 0.04243
2009 10 0.042746
2009 11 0.042746
2009 12 0.042769
2010 1 0.042855
2010 2 0.042858
2010 3 0.042809
2010 4 0.042662
2010 5 0.042864
2010 6 0.04303
2010 7 0.043035
2010 8 0.043244
2010 9 0.043177
2010 10 0.043251
2010 11 0.043258
2010 12 0.043258
2011 1 0.043326
2011 2 0.043023
2011 3 0.04302
2011 4 0.043021
2011 5 0.043139
2011 6 0.043215
2011 7 0.043214
2011 8 0.043214
2011 9 0.043213
2011 10 0.0435
2011 11 0.043502
2011 12 0.043501
2012 1 0.043339
2012 2 0.043475
2012 3 0.043635
2012 4 0.043634
2012 5 0.043895
2012 6 0.043895
2012 7 0.043895
2012 8 0.044161
2012 9 0.044162
2012 10 0.044745
2012 11 0.0448
2012 12 0.045002
2013 1 0.044868
2013 2 0.045052
2013 3 0.044921
2013 4 0.044921
2013 5 0.044921
2013 6 0.044926
2013 7 0.044925
2013 8 0.045173
2013 9 0.045393
2013 10 0.045402
2013 11 0.045377
2013 12 0.045242
2014 1 0.045408
2014 2 0.045408
2014 3 0.045466
2014 4 0.045416
2014 5 0.045682
2014 6 0.045811
2014 7 0.045811
2014 8 0.046036
